image: gridmap_1010.pgm
resolution: 0.300000
origin: [-25.500000, -22.500000, 0.000000]
negate: 0
occupied_thresh: 0.65
free_thresh: 0.196

