image: map_1010_cluster_gridmap.pgm
resolution: 0.300000
origin: [-28.000000, -22.500000, 0.000000]
negate: 0
occupied_thresh: 0.65
free_thresh: 0.196

